   1 1 33 2  7  0 6 9 6 6 6 6 1 1 4 4 5 5 5 5 5 7  9.00  5.00
   2 2 29 1  9  3 5 5 6 5 5 4 4 3 4 3 4 3 5 5 4 6  5.20  4.20
   3 2 24 1  4  5 4 4 4 4 4 3 5 4 9 3 3 4 4 4 4 6  4.00  3.80
   4 1 36 3 10  0 5 5 5 5 5 5 5 4 5 4 4 4 3 3 4 5  5.00  3.60
   5 1 36 3 10  0 5 6 6 6 6 4 4 4 5 2 9 4 4 4 4 7  5.80  9.00
   6 1 34 2  7  0 4 4 4 4 4 3 3 3 3 3 4 4 4 4 4 4  4.00  4.00
   7 2 28 1  6  2 4 4 5 4 4 2 1 1 1 1 3 4 2 2 3 5  4.20  2.80
   8 2 41 4 10  6 6 6 6 6 6 4 4 4 4 9 4 4 4 4 4 7  6.00  4.00
   9 2 29 1  3  1 1 1 9 2 4 4 1 2 1 1 3 5 5 6 4 3  9.00  4.60
  10 1 38 3  9  3 5 4 5 5 5 1 1 1 4 2 4 4 4 4 4 5  4.80  4.00
  11 2 24 1  4  5 1 1 5 2 2 1 1 1 1 2 4 3 5 4 3 3  2.20  3.80
  12 2 30 2 10  6 6 6 7 5 6 6 1 1 4 1 3 3 4 4 1 6  6.00  3.00
  13 1 42 4  8  1 6 6 6 6 7 4 4 4 4 4 5 5 9 5 5 6  6.20  9.00
  14 1 35 3 12  0 4 5 4 5 4 4 4 3 3 3 4 4 4 4 4 5  4.40  4.00
  15 2 28 1  6  2 4 4 5 4 5 4 2 1 2 7 4 3 3 3 4 6  4.40  3.40
  16 2 27 1  7  0 4 4 4 4 4 2 4 3 2 4 4 3 3 3 3 4  4.00  3.20
  17 2 27 1  7  4 3 4 5 4 5 4 3 2 2 2 3 3 3 4 4 6  4.20  3.40
  18 2 27 1  8  0 3 4 4 3 3 5 3 7 3 4 4 4 4 4 4 5  3.40  4.00
  19 2 25 1  1  3 3 3 4 4 4 9 9 2 1 1 3 4 4 4 3 9  3.60  3.60
  20 1 32 2  5  6 4 5 3 6 5 2 1 1 1 1 3 3 3 3 4 5  4.60  3.20
  21 2 20 1  2  6 2 3 4 4 4 4 3 2 1 1 4 3 3 3 4 4  3.40  3.40
  22 2 24 1  3  0 1 1 5 3 3 2 2 1 1 1 4 3 4 3 4 4  2.60  3.60
  23 1 36 3  5  3 5 5 5 5 6 2 2 1 1 2 4 4 4 4 4 4  5.20  4.00
  24 1 38 3 11  7 4 3 5 5 5 1 2 4 1 1 4 4 4 4 6 6  4.40  4.40
  25 2 33 2 10  7 4 4 5 4 5 4 4 4 3 3 5 4 4 4 5 5  4.40  4.40
  26 1 34 2 10  0 5 5 5 4 5 4 4 5 4 4 5 5 5 5 9 5  4.80  5.00
  27 1 38 3 11  5 5 6 4 6 5 4 4 5 4 4 5 5 5 5 5 5  5.20  5.00
  28 2 24 2  7  2 2 3 5 3 2 4 3 4 2 2 3 3 3 4 4 5  3.00  3.40
  29 1 16 1  8  0 5 5 5 5 5 3 3 3 3 3 6 5 5 5 5 5  5.00  5.20
  30 1 37 3 10  4 4 6 6 6 6 4 3 5 1 2 4 4 4 3 4 5  5.60  3.80
  31 2 29 1  9  6 3 3 3 3 3 5 3 3 3 3 4 3 3 3 4 5  3.00  3.40
  32 1 31 2  8  6 1 6 6 3 6 4 1 4 1 3 4 4 4 4 5 6  4.40  4.20
  33 1 44 4 12  0 5 5 5 6 4 1 1 5 2 1 5 7 3 6 6 6  5.00  5.40
  34 1 32 2  4  6 4 5 6 6 6 2 3 2 1 1 2 2 3 2 3 6  5.40  2.40
  35 2 29 1  9  3 2 5 4 4 5 4 3 2 3 2 4 4 4 4 4 4  4.00  4.00
  36 2 20 1  6  9 3 2 4 4 4 5 4 5 3 4 4 3 4 3 4 5  3.40  3.60
  37 1 34 2  7  0 5 5 6 6 6 4 4 4 2 1 4 4 4 4 5 4  5.60  4.20
  38 9 34 4  4  4 6 6 5 6 6 5 3 3 4 4 4 4 4 4 4 4  5.80  4.00
  39 1 40 4 10  1 5 5 5 5 5 4 3 4 4 4 5 5 5 5 4 5  5.00  4.80
  40 1 36 3  9  0 6 7 6 6 5 2 1 1 1 1 2 3 4 4 4 5  6.00  3.40
  41 2 29 1  9  0 3 5 5 3 4 5 5 5 5 3 4 5 5 4 3 5  4.00  4.20
  42 1 40 4  9 10 7 5 7 6 7 4 2 3 2 2 4 4 6 4 4 6  6.40  4.40
  43 2 28 1  6  0 5 5 5 3 4 4 2 1 1 1 1 4 3 3 2 6  4.40  2.60
  44 2 23 1  2  3 4 4 5 5 5 4 2 2 1 3 4 4 4 4 4 6  4.60  4.00
  45 1 34 2  7  0 5 5 6 4 5 3 1 1 1 1 3 5 5 5 3 3  5.00  4.20
  46 1 33 2  6  6 3 5 5 4 4 2 1 1 1 5 3 4 4 4 3 6  4.20  3.60
  47 1 38 3 10  7 6 6 6 5 6 2 4 4 1 1 3 4 4 4 3 7  5.80  3.60
  48 1 39 3 10  0 4 6 4 6 4 3 3 3 3 3 2 3 4 2 3 4  4.80  2.80
  49 1 43 4 11  4 4 4 5 5 5 2 2 2 2 2 4 4 5 5 4 5  4.60  4.40
  50 2 30 2  6  6 4 6 4 4 4 4 3 3 3 2 4 5 5 5 5 4  4.40  4.80
  51 1 38 3 10  8 6 6 6 6 6 4 4 4 3 4 4 6 6 6 5 7  6.00  5.40
  52 1 43 4 12  0 5 5 6 5 5 4 2 4 3 4 5 4 5 4 5 7  5.20  4.60
  53 9 52 3  9  0 5 5 5 5 5 1 2 3 4 1 3 4 4 4 4 4  5.00  3.80
  54 1 40 4 11 11 5 4 5 6 4 5 2 4 1 5 4 4 4 4 4 4  4.80  4.00
  55 1 31 2  3  6 4 3 4 3 4 3 3 3 3 3 3 4 4 4 4 5  3.60  3.80
  56 1 40 4 10  0 5 5 5 6 5 3 2 2 1 1 4 3 5 4 3 5  5.20  3.80
  57 1 33 2  5  6 6 6 5 6 6 3 2 2 2 1 3 3 3 3 4 6  5.80  3.20
  58 1 49 2  8  0 3 4 6 6 6 3 1 1 1 1 2 2 4 2 2 4  5.00  2.40
  59 1 35 3  6  0 5 5 6 5 6 2 1 1 4 1 4 2 9 2 5 5  5.40  3.00
  60 1 30 2  5  5 4 5 3 4 5 3 2 2 2 3 4 4 4 4 2 3  4.20  3.60
  61 1 32 2  5  0 4 6 5 4 5 4 2 4 3 9 4 5 4 4 4 5  4.80  4.20
  62 1 38 3 10  6 3 5 4 4 2 3 1 2 2 1 3 2 3 3 3 2  3.60  2.80
  63 1 68 4 12  0 4 4 5 5 2 4 1 4 4 1 3 3 5 3 4 4  4.00  3.60
  64 1 34 2  8  7 4 5 3 3 2 1 1 2 1 1 2 1 2 3 3 3  3.40  2.20
  65 1 64 4 15  0 5 5 6 4 6 1 1 2 1 1 3 3 4 3 3 4  5.20  3.20
  66 2 28 1  8  0 4 4 6 6 6 3 3 2 2 4 4 3 4 4 4 4  5.20  3.80
  67 2 21 1  0 11 5 4 6 4 6 7 3 4 2 3 3 4 4 4 3 9  5.00  3.60
  68 1 38 3 12  0 6 5 4 4 5 4 2 3 4 3 4 4 4 3 3 5  4.80  3.60
  69 1 33 2  7  6 5 4 3 3 4 4 3 4 3 3 3 4 3 3 3 3  3.80  3.20
  70 1 41 4  9  0 5 5 5 5 5 5 5 5 5 5 4 4 4 4 4 4  5.00  4.00
  71 2 30 2 10  6 6 6 6 4 6 6 4 4 1 4 4 4 4 5 5 6  5.60  4.40
  72 1 35 3  9  6 4 3 4 4 5 2 1 1 2 1 2 2 3 3 3 4  4.00  2.60
  73 1 35 3  8  7 4 5 4 4 5 4 2 2 3 3 3 4 4 4 4 5  4.40  3.80
  74 2 27 1  8  6 3 6 6 5 5 4 3 5 2 2 4 4 4 4 4 5  5.00  4.00
  75 1 33 2  7  0 5 5 3 6 3 4 3 4 3 4 4 4 4 4 4 4  4.40  4.00
  76 9 61 3 14  0 5 5 3 5 4 3 4 4 1 1 2 3 3 3 3 5  4.40  2.80
  77 1 31 2  2  0 4 4 4 3 4 2 3 4 2 2 3 4 3 2 4 5  3.80  3.20
  78 1 39 3  0  0 5 5 6 6 6 3 3 6 2 4 4 4 4 4 4 5  5.60  4.00
  79 1 31 2  0  8 5 5 5 5 4 4 2 4 2 3 4 4 3 3 3 6  4.80  3.40
  80 2 25 1 16  6 6 4 5 5 6 4 4 4 2 2 2 4 2 3 3 5  5.20  2.80
  81 1 36 3  6  1 3 3 5 3 5 3 2 4 2 2 4 4 4 4 4 6  3.80  4.00
  82 2 27 1  8  0 5 4 4 5 5 3 2 2 1 1 2 2 2 2 3 4  4.60  2.20
  83 1 41 4 10  0 6 6 2 6 6 1 1 1 1 1 1 2 1 1 1 4  5.20  1.20
  84 1 38 3  4  6 6 6 4 6 6 2 1 1 1 1 1 1 1 1 4 2  5.60  1.60
  85 1 33 2  7  0 5 5 3 5 4 3 2 2 1 2 3 4 4 3 4 4  4.40  3.60
  86 2 25 1  6  0 5 4 5 5 5 4 2 2 1 1 2 2 2 2 3 5  4.80  2.20
  87 1 38 3  9  6 5 5 5 5 5 2 2 2 1 1 3 4 4 4 4 4  5.00  3.80
  88 1 41 4  9  3 5 5 5 5 5 4 3 4 3 3 4 4 5 4 4 6  5.00  4.20
  89 2 29 1  9  6 4 5 5 4 5 3 2 2 2 1 4 4 4 2 3 5  4.60  3.40
  90 1 36 3  9  0 5 3 4 5 4 4 4 2 4 2 3 5 5 5 4 4  4.20  4.40
  91 2 24 1  4  3 1 1 9 4 4 4 2 1 1 1 3 4 4 3 4 4  2.80  3.60
  92 1 33 2  6  5 6 6 3 6 6 2 2 1 1 2 5 7 7 6 4 7  5.40  5.80
  93 1 33 2  6  0 3 4 3 3 3 3 1 1 2 2 3 3 5 4 4 4  3.20  3.80
  94 1 42 4 10  4 6 5 5 5 6 2 2 5 2 2 4 3 3 4 4 5  5.40  3.60
  95 1 36 3  9  6 5 5 5 5 5 4 3 3 3 3 5 5 5 5 5 6  5.00  5.00
  96 2 27 1  7  0 4 5 5 5 5 4 4 3 2 2 4 3 3 3 3 5  4.80  3.20
  97 1 38 3 11  0 4 3 4 4 4 2 1 2 1 1 3 3 4 3 4 4  3.80  3.40
  98 1 42 4 10  0 6 7 5 6 6 4 2 3 4 4 4 5 5 5 5 5  6.00  4.80
  99 1 39 3 11  0 5 6 6 6 6 4 1 3 1 1 2 1 1 4 2 5  5.80  2.00
 100 1 38 3 12  0 3 3 4 4 3 2 2 2 1 1 3 2 2 2 9 5  3.40  9.00
 101 2 30 2 10  2 6 6 6 5 6 4 4 4 4 4 4 2 2 3 4 5  5.80  3.00
 102 2 20 1  0  9 2 2 2 4 5 6 9 6 4 3 5 3 5 3 5 5  3.00  4.20
 103 1 39 3 10  0 5 3 3 3 3 1 1 2 1 1 4 2 4 4 5 6  3.40  3.80
 104 2 64 3 21  0 7 6 3 6 7 1 2 2 1 1 1 1 2 1 2 5  5.80  1.40
 105 1 34 2  6  6 5 4 3 3 4 3 3 5 2 3 4 4 5 4 4 5  3.80  4.20
 106 2 20 1  0  7 5 4 3 5 5 4 5 6 2 4 5 5 4 4 4 6  4.40  4.40
 107 1 39 3 12  0 7 6 6 5 6 4 4 3 4 3 5 5 5 5 5 7  6.00  5.00
 108 1 36 3  9  6 3 3 2 3 3 4 3 5 3 3 3 3 4 4 4 5  2.80  3.60
 109 1 32 2  5  3 3 6 6 4 6 4 2 4 3 4 4 5 5 6 4 5  5.00  4.80
 110 1 35 3 11  6 5 5 6 4 4 4 2 2 2 4 3 3 5 4 4 4  4.80  3.80
 111 1 33 2  5  6 6 4 6 6 6 2 1 1 1 1 4 5 6 3 4 6  5.60  4.40
 112 1 24 2  7  0 5 5 3 5 4 4 1 1 1 1 4 4 4 5 4 6  4.40  4.20
 113 2 19 4  0  2 2 5 3 3 3 3 4 1 1 1 2 2 2 2 3 5  3.20  2.20
 114 1 37 3  7  0 5 5 5 3 3 2 1 1 1 1 3 3 2 3 4 5  4.20  3.00
 115 1 40 4 10  5 6 6 6 5 6 3 3 3 3 3 4 5 5 5 4 7  5.80  4.60
 116 1 35 3  8  0 5 7 3 6 6 1 1 1 1 1 1 1 1 1 1 3  5.40  1.00
 117 2 31 2 11  7 3 6 5 4 4 3 3 2 1 1 2 4 4 4 2 6  4.40  3.20
 118 1 35 3  8  7 1 1 1 3 2 4 4 2 1 1 3 4 4 4 4 5  1.60  3.80
 119 1 39 3 10  0 5 6 6 5 6 2 1 2 1 6 2 3 6 4 2 4  5.60  3.40
 120 1 35 3 10  0 4 5 6 5 6 4 1 4 1 1 4 4 4 4 4 4  5.20  4.00
 121 1 41 4 10  0 5 7 6 6 6 2 2 2 1 2 3 4 4 3 4 5  6.00  3.60
 122 2 29 1  9  3 4 5 6 6 5 2 4 2 1 1 2 2 4 3 3 4  5.20  2.80
 123 1 34 2  5  6 5 6 7 7 7 2 2 4 2 2 3 3 3 3 4 4  6.40  3.20
 124 1 35 3  1  6 5 3 4 5 5 3 3 4 2 2 3 3 3 3 4 4  4.40  3.20
 125 2 21 1  1  7 5 5 5 3 3 5 3 4 1 2 3 4 4 4 4 5  4.20  3.80
 126 1 24 1  6  0 5 4 5 6 4 3 3 1 3 3 3 3 3 3 4 4  4.80  3.20
 127 1 36 3  7 11 5 4 5 5 5 4 4 4 3 4 4 4 4 4 4 5  4.80  4.00
 128 1 32 2  1  0 4 4 6 5 6 2 3 2 2 1 2 4 4 3 3 5  5.00  3.20
 129 1 28 1  1  7 4 3 6 5 5 4 2 2 1 2 2 2 2 3 4 4  4.60  2.60
 130 1 35 3 10  0 4 4 6 4 4 1 1 4 1 4 2 2 4 4 2 6  4.40  2.80
 131 2 21 1  1  6 4 4 5 4 4 4 4 5 4 4 4 4 4 4 4 4  4.20  4.00
 132 2 31 2 11  4 2 5 5 5 5 2 2 1 1 1 5 5 5 5 3 6  4.40  4.60
 133 1 39 3 10  7 5 5 5 4 5 3 4 1 2 2 4 4 4 5 4 6  4.80  4.20
 134 1 40 4 10  0 5 7 4 4 4 4 4 4 4 5 4 4 4 4 4 7  4.80  4.00
 135 2 27 1  7  4 3 4 5 5 6 4 1 2 2 2 2 3 4 3 2 6  4.60  2.80
 136 1 42 4  9 10 5 6 6 6 6 5 4 4 4 4 6 6 6 6 6 7  5.80  6.00
 137 1 34 2  8  0 5 5 3 4 5 3 3 3 3 2 3 4 4 4 4 5  4.40  3.80
 138 2 29 1  9  4 4 4 5 5 5 4 2 2 2 2 3 4 4 4 3 5  4.60  3.60
 139 2 46 4  9  8 4 5 5 5 5 3 3 1 3 2 3 2 4 2 2 6  4.80  2.60
 140 2 27 1  7  6 3 3 5 3 5 3 4 1 1 1 1 1 1 1 1 4  3.80  1.00
 141 1 36 3  9  0 4 7 2 2 1 2 1 2 1 1 2 1 1 2 2 5  3.20  1.60
 142 2 26 1  7  5 9 4 4 3 4 2 2 2 1 1 3 2 2 2 3 2  3.60  2.40
 143 1 37 3  7 10 7 7 7 7 7 4 3 3 4 4 5 5 5 5 4 7  7.00  4.80
 144 1 40 4 10  7 6 6 6 6 6 4 3 3 3 3 4 4 4 4 4 6  6.00  4.00
 145 1 39 3  9  0 7 7 6 6 6 7 7 2 7 7 5 5 5 5 2 7  6.40  4.40
 146 2 27 1  7  0 4 5 5 4 5 4 4 4 4 4 4 5 5 5 4 5  4.60  4.60
 147 1 44 4  0  1 5 5 4 4 4 2 3 3 3 3 3 4 4 4 4 5  4.40  3.80
 148 2 25 1 11  1 1 4 1 2 1 4 4 4 4 2 4 4 4 4 5 4  1.80  4.20
 149 1 38 3 10  5 4 5 5 6 6 2 1 2 3 2 4 4 4 4 5 7  5.20  4.20
 150 2 30 2 10  3 3 4 4 4 4 3 3 5 3 3 3 3 4 4 4 5  3.80  3.60
 151 1 40 4 11  3 5 6 6 6 7 3 2 3 6 2 5 4 4 4 4 6  6.00  4.20
 152 2 26 1  1  0 4 4 1 5 3 3 2 2 3 3 4 5 5 5 4 4  3.40  4.60
 153 1 41 4  8  0 6 6 6 6 6 3 3 3 4 4 5 4 4 4 4 6  6.00  4.20
 154 1 24 1  7  7 5 6 4 6 4 4 2 3 2 2 4 4 4 4 4 7  5.00  4.00
 155 2 29 1  0  0 4 4 3 4 3 3 3 3 3 3 3 3 3 3 3 4  3.60  3.00
 156 2 29 1  6  0 1 1 3 3 2 2 2 2 3 2 2 2 2 2 3 2  2.00  2.20
 157 2 20 1  5  8 4 3 5 4 5 1 3 4 3 1 3 4 3 4 4 4  4.20  3.60
 158 1 34 2  6  6 3 4 5 3 4 4 4 4 4 2 3 4 4 4 4 4  3.80  3.80
 159 1 37 3  7 11 2 2 2 2 2 4 5 2 2 1 2 2 2 2 2 4  2.00  2.00
 160 2 28 1  9  7 4 6 3 4 5 1 1 1 1 1 1 4 3 3 1 4  4.40  2.40
 161 2 25 1  6  5 2 6 2 4 3 1 1 1 2 1 1 2 1 1 2 1  3.40  1.40
 162 1 40 4 10  0 5 5 4 3 4 2 2 2 2 2 3 3 2 3 4 4  4.20  3.00
 163 2 56 3  1  0 2 2 4 4 4 1 1 2 2 2 1 2 4 2 3 2  3.20  2.40
 164 1 40 4  9 11 4 5 5 4 6 2 2 2 2 2 4 4 4 4 4 6  4.80  4.00
 165 2 28 1  9  0 4 4 3 4 3 1 3 1 1 1 2 1 2 1 1 2  3.60  1.40
 166 2 48 4  0  0 4 3 3 3 3 3 1 3 3 3 2 3 2 3 2 2  3.20  2.40
 167 1 34 2  7  6 6 6 6 6 6 4 4 4 4 4 4 4 4 4 4 4  6.00  4.00
 168 2 30 2 10  4 1 5 2 2 2 1 1 1 1 1 1 1 1 1 1 3  2.40  1.00
 169 2 27 1  2  8 4 5 6 4 4 4 2 1 2 2 3 2 2 2 3 4  4.60  2.40
 170 1 38 3 11  5 5 7 5 6 6 4 3 1 2 4 6 4 4 4 3 6  5.80  4.20
 171 1 40 4 10  0 5 5 4 4 4 1 1 1 1 1 1 1 1 1 2 5  4.40  1.20
 172 1 40 4  6 11 7 6 6 6 6 4 2 2 5 4 5 5 5 5 5 5  6.20  5.00
 173 2 20 1 12  6 3 5 5 4 5 1 4 2 3 2 3 4 3 4 3 5  4.40  3.40
 174 2 29 1 10  0 4 4 4 4 5 2 2 1 2 2 3 1 1 1 1 4  4.20  1.40
 175 1 40 4 11  0 6 6 5 5 6 4 4 2 4 4 4 4 4 5 4 7  5.60  4.20
 176 1 32 2  5  6 6 6 5 5 5 4 4 4 4 3 4 4 4 5 5 6  5.40  4.40
 177 2 27 1  7  6 6 6 7 5 5 2 1 2 2 1 4 2 2 2 2 6  5.80  2.40
 178 1 36 3 10  6 5 5 5 5 5 5 2 2 5 5 4 4 4 4 9 6  5.00  4.00
 179 2 26 1  6  3 5 6 6 5 6 4 4 2 1 1 4 4 4 4 9 6  5.60  4.00
 180 1 37 3  7 10 6 7 7 6 6 4 4 4 5 5 4 6 6 6 9 7  6.40  5.40
 181 2 23 1  3  7 4 5 5 6 6 2 2 2 2 3 2 2 4 2 3 6  5.20  2.60
 182 1 38 3 11  0 5 6 6 6 6 4 4 4 5 4 4 4 4 5 4 5  5.80  4.20
 183 2 25 1  5  4 3 3 3 3 4 3 1 1 1 1 3 4 4 4 3 5  3.20  3.60
 184 2 29 1  9  3 5 6 6 4 5 2 2 2 5 2 3 2 5 2 3 6  5.20  3.00
 185 1 32 2  5  6 4 3 6 4 7 4 1 4 3 2 4 3 3 4 4 6  4.80  3.60
 186 2 28 1  8  4 5 5 4 4 4 5 4 3 4 3 3 4 5 4 3 5  4.40  3.80
 187 2 28 1  0  0 2 4 2 3 4 1 1 1 2 1 3 2 4 4 4 4  3.00  3.40
 188 1 39 3  2  7 5 6 7 6 7 5 4 4 4 4 5 5 5 5 5 7  6.20  5.00
 189 2 43 3  2  0 4 4 5 5 5 1 1 1 1 1 1 2 2 4 3 3  4.60  2.40
 190 1 38 3 10  0 4 3 5 2 2 1 1 2 1 1 1 2 2 2 2 4  3.20  1.80
 191 1 39 3 10  1 4 7 7 6 6 6 1 3 4 4 5 7 7 7 7 7  6.00  6.60
 192 2 29 1  9  0 5 5 2 4 3 2 1 1 1 1 1 1 4 4 2 4  3.80  2.40
 193 1 38 3  6  5 5 5 4 5 5 5 4 4 5 4 4 5 5 4 5 6  4.80  4.60
 194 1 40 4 10  8 6 6 6 6 6 4 4 4 4 4 4 4 5 5 4 6  6.00  4.40
 195 2 26 1  6  6 5 6 6 6 6 5 4 5 4 4 4 4 5 4 5 5  5.80  4.40
 196 1 35 3 10  0 5 5 7 5 7 4 4 4 4 4 5 4 4 4 4 5  5.80  4.20
 197 2 30 2 10  2 4 6 6 4 6 3 2 3 6 2 4 5 4 4 5 6  5.20  4.40
 198 2 28 1  6  1 3 5 5 5 4 1 1 2 3 1 2 4 5 5 2 4  4.40  3.60
 199 1 41 4  2  0 6 6 6 6 5 4 3 3 4 4 4 5 5 5 5 6  5.80  4.80
 200 1 45 4  1  0 6 6 6 6 7 4 4 3 4 4 6 4 4 4 4 7  6.20  4.40
 201 2 29 1  9  0 4 4 4 4 5 3 1 1 1 1 2 3 4 3 3 4  4.20  3.00
 202 2 20 1  1  7 2 5 5 4 5 4 4 4 4 3 4 5 4 4 3 4  4.20  4.00
 203 2 27 1  7  6 3 5 5 4 4 4 4 2 3 3 9 3 4 4 4 4  4.20  9.00
 204 2 28 1  1  6 4 5 5 4 5 3 3 3 3 3 4 4 4 4 4 4  4.60  4.00
 205 1 37 3 10  0 6 6 5 5 5 2 1 2 1 1 2 2 2 2 2 4  5.40  2.00
 206 1 33 2  7  0 5 5 5 5 5 4 4 4 4 4 5 4 4 4 4 6  5.00  4.20
 207 2 30 2 10  2 5 5 6 4 5 2 4 2 4 2 4 4 4 4 3 4  5.00  3.80
 208 2 23 1  3  0 4 3 5 5 5 2 4 2 1 2 4 3 3 3 4 4  4.40  3.40
 209 2 25 1  5  6 5 5 6 5 5 5 5 5 5 5 4 4 4 4 4 6  5.20  4.00
 210 1 40 4 11  2 6 6 6 6 7 4 1 3 3 3 5 5 5 5 5 7  6.20  5.00
 211 2 26 1  6  6 4 5 4 4 4 3 4 4 3 4 3 3 4 3 3 6  4.20  3.20
 212 1 38 3  5  7 5 5 5 5 6 2 2 2 2 2 2 3 4 5 4 7  5.20  3.60
 213 2 27 1  0  0 4 4 4 4 4 3 3 2 1 2 3 4 4 4 3 4  4.00  3.60
 214 1 41 4 12  6 6 6 6 6 6 6 4 2 6 6 6 9 9 9 5 5  6.00  9.00
 215 2 25 1  5  7 4 3 5 3 4 4 3 3 3 3 3 4 4 4 4 5  3.80  3.80
 216 2 24 1  4  5 1 3 3 4 4 3 2 2 2 2 2 3 4 3 3 4  3.00  3.00
 217 1 32 2  4  2 5 5 6 6 6 2 2 9 9 9 2 2 2 2 3 5  5.60  2.20
 218 2 31 2 11  0 2 3 2 3 2 1 1 1 1 1 2 2 2 2 2 3  2.40  2.00
 219 1 40 4 10  4 6 6 6 6 6 5 2 2 2 2 2 2 2 2 4 7  6.00  2.40
 220 2 29 1  5  0 2 5 5 4 5 5 6 4 4 1 3 4 3 4 4 5  4.20  3.60
 221 1 38 3  8  0 6 7 7 5 7 2 2 2 3 2 4 4 4 4 6 6  6.40  4.40
 222 2 27 1  7  7 4 4 4 4 4 3 1 2 2 4 2 2 2 2 3 3  4.00  2.20
 223 2 27 1  6  1 3 3 5 4 5 3 2 2 1 1 3 3 3 3 3 5  4.00  3.00
 224 1 42 4 11  4 4 4 5 5 5 1 2 2 3 1 6 3 3 3 4 6  4.60  3.80
 225 1 33 2  6  6 5 6 3 4 3 4 4 4 2 1 5 5 3 4 5 5  4.20  4.40
 226 1 38 3  8  2 5 5 5 5 5 3 9 4 5 4 4 5 4 4 5 7  5.00  4.40
 227 2 27 1  6  4 4 5 6 5 5 4 2 1 1 1 3 4 4 4 4 5  5.00  3.80
 228 2 29 1  9  6 5 5 4 5 5 4 3 3 3 3 3 3 4 4 4 6  4.80  3.60
 229 1 33 2  5  6 4 5 6 5 5 5 4 5 4 4 5 5 6 5 5 5  5.00  5.20
 230 2 27 1  6  1 4 6 7 5 7 5 1 1 2 2 4 5 5 4 4 6  5.80  4.40
 231 1 25 4 10  1 6 6 7 7 7 6 4 4 4 4 6 5 5 6 6 7  6.60  5.60
 232 2 25 1  1  5 4 5 6 5 6 6 4 4 5 4 5 4 5 5 4 6  5.20  4.60
 233 2 32 2  6  0 4 5 4 5 6 3 1 1 3 3 1 1 4 3 4 4  4.80  2.60
 234 2 29 1  9  6 3 4 4 5 5 4 2 2 3 2 4 4 4 4 4 5  4.20  4.00
 235 9 67 4  4  0 2 2 2 2 2 4 1 1 4 1 1 1 1 1 1 1  2.00  1.00
 236 1 34 2  7  0 6 6 4 5 4 2 1 1 2 4 4 4 5 5 4 6  5.00  4.40
 237 1 41 4  3  0 6 7 6 6 7 5 5 5 5 5 5 5 5 5 7 7  6.40  5.40
 238 2 62 4  4  6 1 4 2 4 2 1 2 1 1 1 2 2 2 2 3 3  2.60  2.20
 239 2 30 2 10  3 4 5 5 4 5 3 2 3 3 2 4 4 4 4 4 5  4.60  4.00
 240 2 23 1  3  0 4 4 4 5 4 4 4 1 1 1 2 2 4 3 4 4  4.20  3.00
 241 2 23 1  2  1 4 4 3 4 4 4 4 1 3 3 3 4 3 3 4 4  3.80  3.40
 242 2 69 3  5  8 4 5 5 4 5 4 2 2 2 2 4 4 4 4 4 4  4.60  4.00
 243 1 35 3  7  7 4 5 6 5 5 3 3 2 2 2 3 4 4 4 4 4  5.00  3.80
 244 2 27 1  7  4 2 5 2 1 2 2 1 2 1 4 3 2 4 4 2 4  2.40  3.00
 245 2 25 1  5  0 3 5 5 5 5 3 3 2 3 2 2 2 4 2 2 5  4.60  2.40
 246 1 37 3 10  0 3 6 5 5 5 4 3 2 3 2 3 3 3 3 3 5  4.80  3.00
 247 1 40 4 10  9 5 7 6 6 6 4 4 4 4 4 4 5 5 4 4 7  6.00  4.40
 248 1 35 3  8  6 5 5 5 5 5 4 3 4 5 5 4 4 4 4 4 5  5.00  4.00
 249 1 40 4 10  0 6 7 4 7 7 9 9 4 9 9 4 4 4 4 4 5  6.20  4.00
 250 2 23 1  2  2 4 4 5 5 6 4 4 3 4 3 3 3 5 4 4 6  4.80  3.80
 251 2 29 1  9  6 4 6 4 4 4 2 1 2 1 1 3 3 4 3 3 6  4.40  3.20
 252 1 42 4  9  5 6 6 6 5 6 5 2 2 4 3 5 5 4 4 4 7  5.80  4.40
 253 2 25 1  5  5 4 4 6 5 5 2 4 1 1 1 2 5 2 2 2 5  4.80  2.60
 254 9 67 2  0  0 4 5 4 4 3 1 1 1 4 1 4 4 4 4 4 4  4.00  4.00
 255 1 41 4 11  0 6 5 2 4 4 1 1 2 2 1 3 3 5 3 5 5  4.20  3.80
 256 2 25 1  5  5 4 4 5 4 5 4 1 1 1 1 1 2 2 1 2 4  4.40  1.60
 257 1 33 2  4  8 4 4 4 4 4 4 2 3 4 4 4 4 4 4 4 5  4.00  4.00
 258 2 29 1  9  0 3 5 4 3 5 1 1 1 4 1 2 2 4 2 2 4  4.00  2.40
 259 1 34 2  7  6 5 5 4 5 6 3 3 3 3 3 4 4 4 4 4 6  5.00  4.00
 260 1 32 2  6  0 6 6 7 4 5 4 4 3 2 3 4 4 5 5 5 5  5.60  4.60
 261 2 29 1 10  0 3 6 4 5 4 3 4 5 1 4 3 5 5 3 3 4  4.40  3.80
 262 1 40 4 10  7 6 6 5 5 6 3 1 4 3 1 5 5 5 5 4 5  5.60  4.80
 263 1 37 3  3  0 5 5 6 5 6 2 2 2 2 7 4 4 4 4 4 5  5.40  4.00
 264 1 32 2  5  6 3 4 5 5 5 4 2 2 3 1 5 4 4 5 4 5  4.40  4.40
 265 2 28 1  8  8 5 6 5 4 4 4 1 3 1 2 4 3 3 3 4 5  4.80  3.40
 266 1 33 2  0  0 6 7 6 6 5 4 2 1 1 1 3 3 5 4 4 5  6.00  3.80
 267 1 36 3  9  5 5 5 4 4 4 4 6 4 6 4 5 5 5 5 6 5  4.40  5.20
 268 1 40 4 10  2 4 3 4 3 3 3 3 3 3 2 4 4 4 4 4 4  3.40  4.00
 269 2 27 1  7  6 3 5 5 5 4 3 2 2 4 2 3 2 4 2 3 5  4.40  2.80
 270 2 31 2 11  1 5 5 6 5 6 6 2 2 1 1 4 4 4 4 4 5  5.40  4.00
 271 2 27 1  8  4 3 4 4 4 5 4 2 2 2 2 3 4 4 4 4 5  4.00  3.80
 272 1 37 3 10  6 6 7 7 7 7 5 4 2 2 2 6 6 6 5 6 7  6.80  5.80
 273 2 28 1 10  0 4 5 6 5 5 5 6 5 6 6 5 5 5 6 5 6  5.00  5.20
 274 2 33 2 11 10 4 5 4 4 4 3 3 3 3 3 4 4 4 4 4 5  4.20  4.00
 275 2 29 1  9  4 4 5 5 5 5 4 3 5 4 3 4 4 4 3 5 4  4.80  4.00
 276 1 35 3  8  3 5 5 5 4 5 4 4 3 5 4 4 3 4 3 4 5  4.80  3.60
 277 1 40 4 10  9 5 7 3 5 6 1 1 1 6 1 4 4 3 3 4 6  5.20  3.60
 278 2 28 1  9  7 2 4 4 2 4 3 1 1 1 1 2 1 3 5 4 4  3.20  3.00
 279 1 38 3 10  0 6 6 4 6 6 4 4 2 2 2 2 2 4 4 2 6  5.60  2.80
 280 2 23 1  3  0 4 4 4 4 4 3 2 2 3 3 3 3 4 4 4 4  4.00  3.60
 281 2 20 1  9  0 2 4 4 2 4 3 3 1 1 1 2 2 2 2 2 3  3.20  2.00
 282 1 46 4 12  1 5 5 5 5 5 4 2 4 2 2 4 4 4 4 4 4  5.00  4.00
 283 2 29 1  9  7 4 5 4 3 3 2 2 3 3 2 4 3 3 3 4 4  3.80  3.40
 284 2 29 1 10  4 4 4 6 3 4 2 1 1 1 1 4 4 4 4 4 9  4.20  4.00
 285 1 39 3 10  6 5 5 6 5 5 4 1 1 3 2 4 4 4 4 3 6  5.20  3.80
 286 1 34 2  7  6 4 3 4 3 4 3 3 1 5 1 4 5 5 3 4 5  3.60  4.20
 287 1 33 2  6  5 5 6 6 5 4 2 2 2 2 2 3 4 4 4 4 6  5.20  3.80
 288 2 24 1  4  6 4 4 5 5 4 3 3 2 3 3 4 4 4 3 3 4  4.40  3.60
 289 1 38 3 10  7 6 6 7 5 4 2 1 1 2 1 4 6 6 4 2 6  5.60  4.40
 290 2 28 1 10  0 4 3 6 5 4 2 1 1 1 1 4 3 4 4 3 5  4.40  3.60
 291 1 33 2  7  0 6 7 6 6 6 2 2 2 1 1 2 1 1 2 2 5  6.20  1.60
 292 2 29 1  9  6 4 4 5 4 4 4 3 3 2 2 4 4 5 5 4 4  4.20  4.40
 293 1 43 4 10  0 6 6 6 6 6 6 3 2 2 2 6 6 6 6 6 6  6.00  6.00
 294 1 39 3  8  4 5 4 2 4 3 2 2 2 3 2 4 3 3 3 4 5  3.60  3.40
 295 1 35 3  5  0 6 6 7 5 4 3 1 1 1 1 2 2 6 2 4 3  5.60  3.20
 296 2 29 1  9  0 4 6 5 5 4 2 1 2 3 2 4 4 5 5 4 5  4.80  4.40
 297 2 28 1 14  0 3 4 4 4 4 4 1 1 1 1 3 1 3 4 3 3  3.80  2.80
 298 1 43 4 11  0 5 5 4 5 4 1 1 1 1 1 3 3 3 3 3 4  4.60  3.00
 299 2 25 1  0  1 4 5 6 5 6 4 4 5 4 4 4 4 4 4 4 5  5.20  4.00
 300 2 20 1 15  6 2 2 3 3 4 3 3 3 2 3 3 3 3 3 4 4  2.80  3.20